timestamps:
  login: 1372196681396
  logout: 1372196759346
ipAddress: 98.229.34.2
lastlocation:
  world: CTW
  x: 268.0887549236759
  y: 85.0
  z: 86.04084492360849
  yaw: -337.00812
  pitch: 34.022385
logoutlocation:
  world: CTW
  x: 248.44462569672535
  y: 64.0
  z: 5.921417814968695
  yaw: 0.47070312
  pitch: 20.851181
