timestamps:
  login: 1372209494724
ipAddress: 100.0.11.143
lastlocation:
  world: Survival
  x: 193.5
  y: 77.0
  z: 263.5
  yaw: -247.6502
  pitch: -21.099949
logoutlocation:
  world: CTW
  x: 344.37223790628445
  y: 72.0
  z: -35.088707705070746
  yaw: -211.94998
  pitch: 3.9000013
