timestamps:
  login: 1372298682311
  logout: 1372298683011
ipAddress: 10.0.0.13
lastlocation:
  world: Creative
  x: -274.5
  y: 23.0
  z: 276.5
  yaw: 0.0
  pitch: 0.0
logoutlocation:
  world: Gate
  x: 196.5
  y: 74.0
  z: 200.5
  yaw: 279.30002
  pitch: 26.828444
