timestamps:
  login: 1372241734247
  logout: 1372241842397
  lastteleport: 1372234284700
ipAddress: 10.0.0.2
lastlocation:
  world: CTW
  x: 330.96164996508566
  y: 72.0
  z: -39.72640323083317
  yaw: 87.24479
  pitch: 16.5888
logoutlocation:
  world: CTW
  x: 345.6055904672991
  y: 72.0
  z: -39.678929782121735
  yaw: -155.59776
  pitch: -44.851177
afk: false
