timestamps:
  login: 1372236897248
  logout: 1372234519598
  lastteleport: 1372234284700
ipAddress: 10.0.0.2
lastlocation:
  world: CTW
  x: 330.4269336965228
  y: 72.0
  z: -38.41553563652268
  yaw: 109.36326
  pitch: 16.588799
logoutlocation:
  world: CTW
  x: 344.0317331187528
  y: 72.0
  z: -40.16215614639902
  yaw: 91.54561
  pitch: 1.2287908
afk: false
