timestamps:
  login: 1372241548313
  logout: 1372241567397
  lastteleport: 1372234284700
ipAddress: 10.0.0.2
lastlocation:
  world: CTW
  x: 330.96164996508566
  y: 72.0
  z: -39.72640323083317
  yaw: 87.24479
  pitch: 16.5888
logoutlocation:
  world: CTW
  x: 346.8347276727455
  y: 72.0
  z: -41.36493811586294
  yaw: -272.3338
  pitch: 0.6144148
afk: false
