timestamps:
  login: 1372401046292
  logout: 1372400906892
  lastteleport: 1372400059065
ipAddress: 10.0.0.2
lastlocation:
  world: CTW
  x: 342.3211502987737
  y: 72.0
  z: -40.1181458993434
  yaw: 99.61025
  pitch: 7.9872684
logoutlocation:
  world: Gate
  x: 16.96594848500698
  y: 64.0
  z: 181.0652050112484
  yaw: -94.617424
  pitch: 24.575954
afk: false
homes:
  home:
    world: CTW
    x: 267.7910650339618
    y: 85.0
    z: 88.00837616360575
    yaw: -279.17615
    pitch: 22.416037
