timestamps:
  login: 1372409681305
  logout: 1372409675903
  lastteleport: 1372409600357
ipAddress: 10.0.0.2
lastlocation:
  world: Survival
  x: 1827.483730163441
  y: 9.0
  z: 2496.1654880751325
  yaw: 92.03601
  pitch: 23.030386
logoutlocation:
  world: Survival
  x: 1853.2272127574054
  y: 9.0
  z: 2505.2039556430864
  yaw: 91.99777
  pitch: 16.886383
afk: false
homes:
  home:
    world: Survival
    x: 1828.7042683397449
    y: 9.0
    z: 2494.606288255539
    yaw: 92.03601
    pitch: 23.030386
