timestamps:
  login: 1372367385126
  logout: 1372367385614
  lastteleport: 1372322666115
ipAddress: 10.0.0.2
lastlocation:
  world: CTW
  x: 328.55897695849126
  y: 72.0
  z: -40.28886022427074
  yaw: -261.69644
  pitch: 35.318382
logoutlocation:
  world: CTW
  x: 341.8382259042365
  y: 72.0
  z: -38.48516155108493
  yaw: 80.56356
  pitch: 31.334476
afk: false
homes:
  home:
    world: CTW
    x: 267.7910650339618
    y: 85.0
    z: 88.00837616360575
    yaw: -279.17615
    pitch: 22.416037
