timestamps:
  login: 1372300341155
  lastteleport: 1372302264111
  logout: 1372302720959
ipAddress: 98.229.34.2
lastlocation:
  world: CTW
  x: 345.57266986725244
  y: 72.0
  z: -14.101128043596376
  yaw: 127.631424
  pitch: 39.052147
nickname: TheShit
logoutlocation:
  world: CTW
  x: 266.11701711554616
  y: 85.0
  z: 88.55369354328114
  yaw: -218.11267
  pitch: 17.55838
