timestamps:
  login: 1372346895598
  lastteleport: 1372302264111
  logout: 1372346140554
ipAddress: 98.229.34.2
lastlocation:
  world: CTW
  x: 345.57266986725244
  y: 72.0
  z: -14.101128043596376
  yaw: 127.631424
  pitch: 39.052147
nickname: TheShit
logoutlocation:
  world: CTW2
  x: 162.3767048480999
  y: 91.73717397791708
  z: -47.40780934406273
  yaw: -51.599915
  pitch: 76.8288
