timestamps:
  login: 1372343308704
  logout: 1372344940554
  lastteleport: 1372307529095
ipAddress: 100.0.11.143
lastlocation:
  world: CTW
  x: 343.8149960113365
  y: 72.0
  z: -40.285678484332266
  yaw: 92.198944
  pitch: -0.61439955
logoutlocation:
  world: Creative
  x: -258.74763941344906
  y: 59.0
  z: 250.20446505852445
  yaw: 180.83154
  pitch: 35.84994
