timestamps:
  login: 1372307521692
  logout: 1372307741792
  lastteleport: 1372307529095
ipAddress: 100.0.11.143
lastlocation:
  world: CTW
  x: 343.8149960113365
  y: 72.0
  z: -40.285678484332266
  yaw: 92.198944
  pitch: -0.61439955
logoutlocation:
  world: CTW
  x: 242.0796466878948
  y: 64.0
  z: -78.02843739834674
  yaw: -348.5531
  pitch: 31.35007
