timestamps:
  login: 1372385327164
  logout: 1372385335614
ipAddress: 71.217.79.137
lastlocation:
  world: Creative
  x: -274.5
  y: 23.0
  z: 276.5
  yaw: 0.0
  pitch: 0.0
logoutlocation:
  world: CTW
  x: 244.3171440344059
  y: 78.0
  z: -171.53562824658343
  yaw: -114.29785
  pitch: 2.168223
