timestamps:
  login: 1372303730205
  logout: 1372307651792
ipAddress: 71.217.79.137
lastlocation:
  world: CTW
  x: 248.8028154595931
  y: 65.0
  z: -126.9973706246883
  yaw: 0.57906324
  pitch: 24.608889
logoutlocation:
  world: CTW
  x: 247.91372702061634
  y: 63.5
  z: -26.89910826259187
  yaw: 209.61
  pitch: 19.108065
