timestamps:
  login: 1372301622759
  logout: 1372302585959
ipAddress: 24.147.96.176
lastlocation:
  world: CTW
  x: 294.3001926749184
  y: -193.72602015896703
  z: -3.702325489824885
  yaw: 242.56946
  pitch: -4.318066
logoutlocation:
  world: CTW
  x: 294.3001926749184
  y: -264.77445672970384
  z: -3.702325489824885
  yaw: 242.56946
  pitch: -4.318066
