spawns: 
  default: 
    world: CTW
    x: 247.12515297188904
    y: 78.0
    z: -162.31663942146872
    yaw: 197.22166
    pitch: 19.828718
  mod: 
    world: SurvivalMain
    x: -300.5972964129589
    y: 66.0
    z: 210.39004682312842
    yaw: 270.23312
    pitch: -10.049997
  builder: 
    world: Gate
    x: 101.0625
    y: 62.0
    z: 182.40625
    yaw: -359.09863
    pitch: -7.049879
